1,1,55221
1,3,195121
1,5,26932
1,7,22604
1,9,57710
1,11,10678
1,13,20354
1,15,116648
1,17,34079
1,19,26008
1,21,43819
1,23,13395
1,25,25070
1,27,13537
1,29,15002
1,31,50884
1,33,54444
1,35,12865
1,37,11027
1,39,37886
1,41,13938
1,43,80965
1,45,49866
1,47,42154
1,49,71068
1,51,80763
1,53,37935
1,55,103766
1,57,16896
1,59,31634
1,61,26815
1,63,8697
1,65,15256
1,67,17252
1,69,103534
1,71,52860
1,73,659026
1,75,14133
1,77,92737
1,79,33586
1,81,150982
1,83,88805
1,85,10742
1,87,20018
1,89,346438
1,91,20306
1,93,30387
1,95,94318
1,97,414251
1,99,22217
1,101,228138
1,103,119786
1,105,10038
1,107,19856
1,109,33155
1,111,22648
1,113,58302
1,115,85864
1,117,203530
1,119,13341
1,121,81437
1,123,41153
1,125,200458
1,127,65923
1,129,16997
1,131,11235
1,133,24130
2,13,3304
2,16,5684
2,20,299107
2,50,17776
2,60,970
2,68,2060
2,70,4979
2,90,99705
2,100,2560
2,105,2128
2,110,32531
2,122,57221
2,130,13699
2,150,13973
2,158,7914
2,164,1474
2,170,96178
2,180,9854
2,185,9667
2,188,7732
2,195,3221
2,198,6376
2,220,8943
2,230,999
2,240,7029
2,261,9617
2,275,2387
2,282,643
2,290,5644
4,1,72124
4,3,129647
4,5,136701
4,7,53165
4,9,37407
4,11,9023
4,12,20335
4,13,4018143
4,15,203362
4,17,107656
4,19,998537
4,21,389772
4,23,47073
4,25,215996
4,27,202987
5,1,18731
5,3,21229
5,5,41040
5,7,238198
5,9,37227
5,11,11206
5,13,5245
5,15,27635
5,17,11353
5,19,22751
5,21,15400
5,23,25711
5,25,8510
5,27,24327
5,29,21110
5,31,101409
5,33,61748
5,35,49765
5,37,17467
5,39,7868
5,41,12379
5,43,18740
5,45,119343
5,47,17866
5,49,12224
5,51,96954
5,53,18054
5,55,43382
5,57,22336
5,59,33316
5,61,13555
5,63,36952
5,65,13480
5,67,17597
5,69,73548
5,71,25930
5,73,7270
5,75,17029
5,77,9966
5,79,14062
5,81,12720
5,83,22001
5,85,70691
5,87,15702
5,89,16458
5,91,43652
5,93,44864
5,95,7713
5,97,9197
5,99,8793
5,101,8052
5,103,25044
5,105,10300
5,107,20391
5,109,11087
5,111,24210
5,113,20364
5,115,62830
5,117,8402
5,119,390463
5,121,17695
5,123,27345
5,125,113833
5,127,10870
5,129,7965
5,131,127273
5,133,17268
5,135,17055
5,137,12512
5,139,40633
5,141,17002
5,143,216432
5,145,78660
5,147,6983
5,149,21835
6,1,1584983
6,3,1131
6,5,36995
6,7,222564
6,9,44767
6,11,21396
6,13,1096068
6,15,27788
6,17,182093
6,19,956749
6,21,28029
6,23,135034
6,25,178206
6,27,18373
6,29,865736
6,31,150998
6,33,64158
6,35,32645
6,37,10038388
6,39,153187
6,41,258349
6,43,17789
6,45,87544
6,47,263885
6,49,9184
6,51,14146
6,53,428441
6,55,140295
6,57,98570
6,59,3116069
6,61,366280
6,63,18966
6,65,2298032
6,67,1465832
6,69,57557
6,71,2094769
6,73,3223096
6,75,840763
6,77,708554
6,79,276517
6,81,748731
6,83,435850
6,85,1868149
6,87,269278
6,89,178942
6,91,3021
6,93,43895
6,95,425753
6,97,495078
6,99,527367
6,101,95247
6,103,63152
6,105,13373
6,107,454033
6,109,54079
6,111,840833
6,113,207320
6,115,73437
8,1,471206
8,3,16269
8,5,608310
8,7,12174
8,9,3701
8,11,5895
8,13,310032
8,14,60699
8,15,18309
8,17,2002
8,19,9136
8,21,8249
8,23,3581
8,25,5551
8,27,4303
8,29,30214
8,31,649654
8,33,1862
8,35,306974
8,37,52576
8,39,23855
8,41,655024
8,43,46809
8,45,57076
8,47,5605
8,49,14411
8,51,15651
8,53,874
8,55,6502
8,57,1335
8,59,552344
8,61,1463
8,63,7980
8,65,7362
8,67,53182
8,69,318227
8,71,14503
8,73,5478
8,75,21928
8,77,147834
8,79,733
8,81,13117
8,83,25700
8,85,40815
8,87,28359
8,89,18572
8,91,4580
8,93,16189
8,95,4371
8,97,17420
8,99,12235
8,101,161519
8,103,6712
8,105,11745
8,107,23606
8,109,6238
8,111,606
8,113,7676
8,115,2365
8,117,28940
8,119,23340
8,121,4795
8,123,270948
8,125,10185
9,1,939983
9,3,896943
9,5,186304
9,7,165165
9,9,862224
9,11,273185
9,13,151948
9,15,117470
10,1,169509
10,3,549643
10,5,207302
11,1,647484
12,1,254218
12,3,27135
12,5,175353
12,7,27223
12,9,553591
12,11,1843152
12,13,14615
12,15,165783
12,17,139654
12,19,197417
12,21,341091
12,23,67806
12,27,34957
12,29,16091
12,31,890673
12,33,306327
12,35,100783
12,37,11628
12,39,46424
12,41,16992
12,43,13272
12,45,15785
12,47,14395
12,49,27468
12,51,38363
12,53,174809
12,55,98328
12,57,1302884
12,59,19635
12,61,142866
12,63,48900
12,65,14198
12,67,8801
12,69,310561
12,71,663675
12,73,282940
12,75,39821
12,77,8295
12,79,18729
12,81,343729
12,83,336811
12,85,151586
12,86,2639042
12,87,75901
12,89,75880
12,91,192237
12,93,39255
12,95,1229039
12,97,300870
12,99,1378806
12,101,479288
12,103,931477
12,105,626676
12,107,72696
12,109,210495
12,111,288006
12,113,161021
12,115,392038
12,117,437346
12,119,108501
12,121,43595
12,123,22685
12,125,15191
12,127,503719
12,129,31128
12,131,59487
12,133,24629
13,1,18417
13,3,8294
13,5,11222
13,7,3292
13,9,45795
13,11,18336
13,13,72012
13,15,101336
13,17,17477
13,19,19019
13,21,154816
13,23,12746
13,25,18452
13,27,15637
13,29,33151
13,31,72386
13,33,23007
13,35,23445
13,37,6489
13,39,51445
13,43,11031
13,45,112595
13,47,65375
13,49,13130
13,51,279290
13,53,11914
13,55,25241
13,57,225944
13,59,120905
13,61,3104
13,63,267234
13,65,6791
13,67,719133
13,69,43003
13,71,46024
13,73,136204
13,75,17033
13,77,133416
13,79,12539
13,81,23314
13,83,16445
13,85,22673
13,87,27378
13,89,716331
13,91,21180
13,93,14293
13,95,93310
13,97,136520
13,99,10579
13,101,4048
13,103,54630
13,105,19537
13,107,22731
13,109,10814
13,111,23742
13,113,108655
13,115,96169
13,117,196236
13,119,22110
13,121,983903
13,123,28673
13,125,3087
13,127,81743
13,129,55889
13,131,25243
13,133,16331
13,135,859234
13,137,43527
13,139,187916
13,141,8881
13,143,28565
13,145,32776
13,147,25498
13,149,11617
13,151,211512
13,153,147570
13,155,9408
13,157,61420
13,159,13593
13,161,14990
13,163,16374
13,165,8922
13,167,9794
13,169,28738
13,171,18114
13,173,10403
13,175,47886
13,177,28946
13,179,64427
13,181,7720
13,183,16588
13,185,113203
13,187,30921
13,189,21582
13,191,14007
13,193,14045
13,195,28232
13,197,8739
13,199,21297
13,201,5936
13,205,22982
13,207,26915
13,209,8968
13,211,17900
13,213,39401
13,215,200285
13,217,102645
13,219,34400
13,221,14688
13,223,147400
13,225,27086
13,227,29740
13,229,18934
13,231,17812
13,233,41215
13,235,11590
13,237,21247
13,239,2326
13,241,16266
13,243,7315
13,245,201291
13,247,86901
13,249,5074
13,251,14206
13,253,8769
13,255,63873
13,257,25620
13,259,5868
13,261,31429
13,263,6490
13,265,1721
13,267,25302
13,269,8401
13,271,16416
13,273,9213
13,275,44824
13,277,40787
13,279,27210
13,281,10800
13,283,6762
13,285,68867
13,287,8338
13,289,8509
13,291,21725
13,293,26528
13,295,68285
13,297,86201
13,299,35723
13,301,5561
13,303,20785
13,305,30046
13,307,2720
13,309,7956
13,311,27791
13,313,103456
13,315,8972
13,317,9991
13,319,9386
13,321,21156
15,1,191482
15,3,984178
15,5,85
15,7,69691
15,9,160863
16,1,417501
16,3,3880
16,5,83604
16,7,5939
16,9,9088
16,11,45407
16,13,21309
16,15,6885
16,17,41066
16,19,107788
16,21,10961
16,23,2653
16,25,1052
16,27,198921
16,29,6808
16,31,23369
16,33,901
16,35,8560
16,37,4234
16,39,26175
16,41,12914
16,43,12945
16,45,16731
16,47,15233
16,49,16312
16,51,26792
16,53,22653
16,55,145046
16,57,38339
16,59,7790
16,61,3812
16,63,5260
16,65,37916
16,67,20279
16,69,39779
16,71,4245
16,73,11364
16,75,22700
16,77,7731
16,79,12571
16,81,10285
16,83,80004
16,85,9720
16,87,10025
17,1,67081
17,3,7364
17,5,17313
17,7,53851
17,9,6859
17,11,34115
17,13,4999
17,15,14926
17,17,13254
17,19,205766
17,21,34200
17,23,16159
17,25,13582
17,27,37929
17,29,53037
17,31,5236393
17,33,19541
17,35,10943
17,37,104345
17,39,16388
17,41,19826
17,43,930412
17,45,17992
17,47,6649
17,49,34332
17,51,22136
17,53,13835
17,55,39694
17,57,36323
17,59,5385
17,61,13502
17,63,50277
17,65,8322
17,67,18738
17,69,4228
17,71,7042
17,73,49883
17,75,29053
17,77,59534
17,79,9635
17,81,38578
17,83,22625
17,85,22397
17,87,12829
17,89,524886
17,91,112221
17,93,120036
17,95,52112
17,97,702898
17,99,112579
17,101,16665
17,103,35027
17,105,37689
17,107,29956
17,109,32009
17,111,307357
17,113,173114
17,115,109193
17,117,46844
17,119,267356
17,121,38665
17,123,12173
17,125,14126
17,127,15016
17,129,12611
17,131,16107
17,133,33539
17,135,29348
17,137,35129
17,139,14927
17,141,52397
17,143,187112
17,145,21810
17,147,16495
17,149,16144
17,151,4331
17,153,5871
17,155,5822
17,157,33069
17,159,16127
17,161,147161
17,163,267029
17,165,24783
17,167,199016
17,169,7311
17,171,5198
17,173,22115
17,175,5859
17,177,46625
17,179,135697
17,181,17551
17,183,80368
17,185,11652
17,187,17701
17,189,14457
17,191,16555
17,193,14464
17,195,57525
17,197,683995
17,199,67121
17,201,290439
17,203,39106
18,1,34642
18,3,363453
18,5,79488
18,7,8752
18,9,12476
18,11,60511
18,13,15011
18,15,20014
18,17,38476
18,19,113181
18,21,26686
18,23,32835
18,25,10591
18,27,32411
18,29,49679
18,31,26240
18,33,42449
18,35,117335
18,37,42291
18,39,200685
18,41,23773
18,43,75900
18,45,16888
18,47,22935
18,49,20527
18,51,33668
18,53,68896
18,55,32815
18,57,296635
18,59,71328
18,61,39230
18,63,153435
18,65,49146
18,67,82765
18,69,36863
18,71,43471
18,73,33448
18,75,21255
18,77,32453
18,79,28113
18,81,145645
18,83,38062
18,85,77983
18,87,38084
18,89,491596
18,91,111280
18,93,45814
18,95,130280
18,97,926335
18,99,46962
18,101,10262
18,103,36211
18,105,142404
18,107,38172
18,109,69403
18,111,14057
18,113,47546
18,115,6033
18,117,19725
18,119,21192
18,121,17107
18,123,19414
18,125,12687
18,127,166570
18,129,25567
18,131,13047
18,133,37650
18,135,25596
18,137,28612
18,139,16991
18,141,267246
18,143,23783
18,145,44441
18,147,20856
18,149,23117
18,151,34267
18,153,21111
18,155,10500
18,157,180952
18,159,15573
18,161,7299
18,163,181305
18,165,15860
18,167,108268
18,169,32358
18,171,8367
18,173,60995
18,175,27930
18,177,67866
18,179,27796
18,181,24388
18,183,33330
19,1,7426
19,3,3892
19,5,14060
19,7,12669
19,9,5869
19,11,25803
19,13,132496
19,15,26401
19,17,24539
19,19,20998
19,21,20507
19,23,14966
19,25,9914
19,27,20629
19,29,13590
19,31,18375
19,33,43481
19,35,11853
19,37,12244
19,39,9280
19,41,16537
19,43,17806
19,45,48365
19,47,17252
19,49,74892
19,51,8742
19,53,8249
19,55,17507
19,57,40208
19,59,16967
19,61,95906
19,63,9917
19,65,20589
19,67,16050
19,69,10489
19,71,7106
19,73,9174
19,75,12407
19,77,10740
19,79,15297
19,81,11092
19,83,17393
19,85,14467
19,87,20080
19,89,9494
19,91,9674
19,93,7071
19,95,16344
19,97,19572
19,99,36726
19,101,17318
19,103,139436
19,105,20560
19,107,10291
19,109,15280
19,111,35369
19,113,216640
19,115,11271
19,117,8731
19,119,11723
19,121,15644
19,123,22396
19,125,33248
19,127,40962
19,129,14862
19,131,10762
19,133,9088
19,135,8002
19,137,10465
19,139,42913
19,141,14092
19,143,6211
19,145,15660
19,147,9208
19,149,24853
19,151,7127
19,153,452369
19,155,93213
19,157,18705
19,159,5061
19,161,10101
19,163,169994
19,165,11992
19,167,34509
19,169,93586
19,171,17479
19,173,6213
19,175,12575
19,177,7432
19,179,35315
19,181,47542
19,183,22017
19,185,6384
19,187,37295
19,189,10614
19,191,20884
19,193,102530
19,195,7563
19,197,12936
20,1,13081
20,3,7896
20,5,16633
20,7,4770
20,9,27399
20,11,14812
20,13,9880
20,15,66092
20,17,2722
20,19,3520
20,21,20952
20,23,2682
20,25,2145
20,27,8421
20,29,9339
20,31,8458
20,33,2010
20,35,36079
20,37,39304
20,39,2905
20,41,19516
20,43,7859
20,45,114967
20,47,2991
20,49,2683
20,51,28993
20,53,6410
20,55,37133
20,57,34714
20,59,25753
20,61,36787
20,63,2735
20,65,2593
20,67,7816
20,69,6065
20,71,1224
20,73,6393
20,75,2586
20,77,5861
20,79,34835
20,81,4130
20,83,1939
20,85,13400
20,87,18898
20,89,3038
20,91,566814
20,93,3952
20,95,7790
20,97,2536
20,99,21048
20,101,1674
20,103,78227
20,105,3154
20,107,9528
20,109,2793
20,111,33462
20,113,29252
20,115,12290
20,117,10005
20,119,4383
20,121,32688
20,123,6296
20,125,34184
20,127,5750
20,129,3106
20,131,10159
20,133,16423
20,135,3077
20,137,5590
20,139,16080
20,141,3782
20,143,6048
20,145,6911
20,147,5501
20,149,22625
20,151,9739
20,153,2545
20,155,64058
20,157,4806
20,159,10014
20,161,75022
20,163,5186
20,165,3184
20,167,6988
20,169,55735
20,171,4928
20,173,506529
20,175,23274
20,177,178792
20,179,2531
20,181,6054
20,183,3740
20,185,4320
20,187,2149
20,189,5772
20,191,23638
20,193,7925
20,195,2951
20,197,6997
20,199,1595
20,201,5686
20,203,2204
20,205,9061
20,207,3211
20,209,160806
21,1,18852
21,3,20355
21,5,21761
21,7,8256
21,9,42925
21,11,11978
21,13,27950
21,15,124617
21,17,20013
21,19,48917
21,21,29388
21,23,8425
21,25,13591
21,27,20061
21,29,76961
21,31,12835
21,33,12826
21,35,38106
21,37,91475
21,39,4984
21,41,10830
21,43,27326
21,45,15954
21,47,74159
21,49,35657
21,51,21300
21,53,10188
21,55,9222
21,57,6807
21,59,98173
21,61,12105
21,63,7725
21,65,14476
21,67,308306
21,69,14544
21,71,38649
21,73,49778
21,75,6422
21,77,8567
21,79,16976
21,81,24670
21,83,37502
21,85,26001
21,87,11149
21,89,36477
21,91,8669
21,93,107529
21,95,28400
21,97,18648
21,99,18441
21,101,46396
21,103,15455
21,105,4720
21,107,46518
21,109,13357
21,111,755809
21,113,50328
21,115,23350
21,117,163007
21,119,16000
21,121,31809
21,123,14149
21,125,59751
21,127,15821
21,129,7119
21,131,10997
21,133,23671
21,135,13790
21,137,24498
21,139,9394
21,141,26851
21,143,8402
21,145,65408
21,147,18001
21,149,9500
21,151,85838
21,153,12979
21,155,19717
21,157,31181
21,159,12631
21,161,17296
21,163,29098
21,165,6343
21,167,21342
21,169,9985
21,171,10765
21,173,27167
21,175,13428
21,177,31309
21,179,44564
21,181,7075
21,183,24065
21,185,63037
21,187,10711
21,189,4616
21,191,14514
21,193,28041
21,195,63434
21,197,12447
21,199,63635
21,201,2208
21,203,16942
21,205,23608
21,207,17669
21,209,50178
21,211,44290
21,213,17704
21,215,17577
21,217,24993
21,219,12524
21,221,14250
21,223,8783
21,225,15138
21,227,118950
21,229,11910
21,231,20655
21,233,13357
21,235,35794
21,237,7261
21,239,25317
22,1,62163
22,3,25653
22,5,114738
22,7,23057
22,9,41389
22,11,36259
22,13,13977
22,15,123403
22,17,254742
22,19,195887
22,21,9990
22,23,6706
22,25,10247
22,27,16639
22,29,20449
22,31,26965
22,33,444690
22,35,7501
22,37,19855
22,39,33768
22,41,20550
22,43,22362
22,45,73938
22,47,33229
22,49,16109
22,51,435092
22,53,31434
22,55,231811
22,57,97474
22,59,14899
22,61,47349
22,63,133949
22,65,11873
22,67,27012
22,69,39330
22,71,376738
22,73,155769
22,75,23599
22,77,22498
22,79,132225
22,81,8838
22,83,20777
22,85,24248
22,87,42858
22,89,52639
22,91,10818
22,93,21650
22,95,44161
22,97,83613
22,99,53126
22,101,53441
22,103,242960
22,105,125486
22,107,4893
22,109,112742
22,111,22533
22,113,59110
22,115,52476
22,117,46556
22,119,40617
22,121,24669
22,123,11454
22,125,15415
22,127,14855
23,1,107393
23,3,70005
23,5,286119
23,7,30402
23,9,54658
23,11,121112
23,13,39723
23,15,34156
23,17,57421
23,19,153437
23,21,17156
23,23,35092
23,25,51577
23,27,38976
23,29,32191
23,31,199682
24,1,73549
24,3,555280
24,5,822959
24,9,90114
24,11,32661
24,13,167444
24,15,101960
24,17,152754
24,19,32534
24,21,241373
24,23,29813
24,25,248966
24,27,304115
24,29,19923
24,31,1017859
24,33,892816
24,35,48600
24,37,109614
24,39,25980
24,41,37799
24,43,149270
24,45,101182
24,47,51519
24,510,622454
25,1,214766
25,3,129288
25,5,552763
25,7,17048
25,9,763849
25,11,71144
25,13,468041
25,15,160759
25,17,1556116
25,19,10556
25,21,687721
25,23,503681
25,25,758919
25,27,810935
26,1,10550
26,3,9476
26,5,112837
26,7,29068
26,9,23267
26,11,15424
26,13,8690
26,15,59147
26,17,106698
26,19,17437
26,21,155565
26,23,43706
26,25,134790
26,27,51952
26,29,26134
26,31,25690
26,33,38586
26,35,30710
26,37,76905
26,39,13895
26,41,36712
26,43,26012
26,45,108341
26,47,33018
26,49,415874
26,51,25501
26,53,15824
26,55,89907
26,57,41878
26,59,46178
26,61,36660
26,63,32290
26,65,283491
26,67,64064
26,69,25401
26,71,11507
26,73,70669
26,75,159759
26,77,256752
26,79,17230
26,81,622590
26,83,2198
26,85,11426
26,87,88235
26,89,21772
26,91,98902
26,93,184591
26,95,6477
26,97,11044
26,99,854689
26,101,24536
26,103,67582
26,105,28711
26,107,43301
26,109,23717
26,111,83624
26,113,14988
26,115,150436
26,117,63004
26,119,9401
26,121,171483
26,123,48029
26,125,1229503
26,127,26229
26,129,21222
26,131,6298
26,133,23234
26,135,8444
26,137,24141
26,139,273136
26,141,13037
26,143,24068
26,145,196479
26,147,160429
26,149,61022
26,151,42014
26,153,8288
26,155,69113
26,157,54420
26,159,75351
26,161,354092
26,163,1778969
26,165,32751
27,1,15839
27,3,338764
27,5,33138
27,7,45434
27,9,39221
27,11,5134
27,13,65125
27,15,25391
27,17,35443
27,19,95715
27,21,28519
27,23,12154
27,25,53834
27,27,60879
27,29,8752
27,31,5194
27,33,11632
27,35,63048
27,37,408456
27,39,20290
27,41,36620
27,43,14230
27,45,20843
27,47,30897
27,49,46377
27,51,5961
27,53,1197776
27,55,18812
27,57,20574
27,59,38296
27,61,45354
27,63,10211
27,65,16003
27,67,42444
27,69,4480
27,71,13054
27,73,7023
27,75,10750
27,77,3949
27,79,27707
27,81,5808
27,83,25699
27,85,36046
27,87,5496
27,89,9453
27,91,20350
27,93,23129
27,95,25809
27,97,32962
27,99,39227
27,101,8529
27,103,33086
27,105,21687
27,107,6692
27,109,148736
27,111,57511
27,113,14110
27,115,29218
27,117,9354
27,119,31547
27,121,10948
27,123,527411
27,125,4061
27,127,15723
27,129,15171
27,131,64886
27,133,9563
27,135,15615
27,137,200506
27,139,137322
27,141,90401
27,143,15021
27,145,152595
27,147,36523
27,149,9771
27,151,9525
27,153,24466
27,155,3429
27,157,21381
27,159,13759
27,161,19076
27,163,246670
27,165,11054
27,167,6526
27,169,51213
27,171,128691
27,173,10092
28,1,31979
28,3,37319
28,5,12840
28,7,19175
28,9,8470
28,11,33803
28,13,14789
28,15,10338
28,17,17391
28,19,8354
28,21,9330
28,23,16362
28,25,20279
28,27,25254
28,29,28921
28,31,19471
28,33,168586
28,35,76267
28,37,7857
28,39,23104
28,41,14129
28,43,21591
28,45,45627
28,47,196268
28,49,245874
28,51,18772
28,53,8984
28,55,1291
28,57,23451
28,59,140676
28,61,16588
28,63,7586
28,65,11941
28,67,68276
28,69,10211
28,71,51169
28,73,58885
28,75,79832
28,77,12586
28,79,23153
28,81,85036
28,83,31516
28,85,34765
28,87,59699
28,89,100202
28,91,26109
28,93,36385
28,95,36175
28,97,10464
28,99,29553
28,101,21663
28,103,11143
28,105,49048
28,107,34373
28,109,55196
28,111,12187
28,113,40075
28,115,30517
28,117,25380
28,119,7761
28,121,146761
28,123,28293
28,125,4805
28,127,27401
28,129,16257
28,131,17978
28,133,27911
28,135,14959
28,137,28415
28,139,22054
28,141,19539
28,143,10477
28,145,27811
28,147,14978
28,149,48020
28,151,49499
28,153,20564
28,155,9999
28,157,9345
28,159,18697
28,161,12381
28,163,27911
29,1,25560
29,3,17328
29,5,5440
29,7,25783
29,9,35726
29,11,12166
29,13,16643
29,15,18854
29,17,12356
29,19,170770
29,21,89561
29,23,42951
29,25,9083
29,27,44566
29,29,43927
29,31,77606
29,33,9096
29,35,6284
29,37,100781
29,39,13892
29,41,7650
29,43,80904
29,45,6919
29,47,230361
29,49,20498
29,51,76533
29,53,17593
29,55,24660
29,57,7618
29,59,16564
29,61,8277
29,63,12782
29,65,15612
29,67,13516
29,69,31562
29,71,101828
29,73,14948
29,75,6785
29,77,283206
29,79,10256
29,81,8722
29,83,22034
29,85,9335
29,87,4615
29,89,10182
29,91,40326
29,93,10322
29,95,680905
29,97,117184
29,99,221577
29,101,54155
29,103,4035
29,105,35514
29,107,32916
29,109,38244
29,111,10172
29,113,53850
29,115,12401
29,117,15042
29,119,22763
29,121,15460
29,123,12401
29,125,9057
29,127,28840
29,129,3718
29,131,24956
29,133,14208
29,135,15801
29,137,8680
29,139,11939
29,141,20225
29,143,18411
29,145,58777
29,147,23186
29,149,10979
29,151,13758
29,153,9537
29,155,17837
29,157,19100
29,159,42215
29,161,45029
29,163,18517
29,165,93394
29,167,31107
29,169,53443
29,171,4895
29,173,10243
29,175,25135
29,177,23031
29,179,6578
29,181,13990
29,183,374805
29,185,9520
29,186,17990
29,187,66010
29,189,1001327
29,195,23334
29,197,4395
29,199,4873
29,201,39061
29,203,8317
29,205,6179
29,207,29837
29,209,31375
29,211,6512
29,213,53555
29,215,25735
29,217,20878
29,219,33043
29,221,25048
29,223,13397
29,225,36690
29,227,2082
29,229,18449
29,510,317850
30,1,9291
30,3,13141
30,5,6598
30,7,5692
30,9,10268
30,11,1227
30,13,82090
30,15,5855
30,17,11945
30,19,1758
30,21,9365
30,23,9211
30,25,3057
30,27,11468
30,29,93333
30,31,95323
30,33,1047
30,35,13672
30,37,756
30,39,3168
30,41,16523
30,43,11502
30,45,1997
30,47,29157
30,49,65357
30,51,2369
30,53,19337
30,55,1728
30,57,7767
30,59,1898
30,61,4238
30,63,111966
30,65,4790
30,67,15708
30,69,443
30,71,4167
30,73,6206
30,75,1703
30,77,6975
30,79,1372
30,81,40823
30,83,11132
30,85,11072
30,87,9352
30,89,11346
30,91,3630
30,93,34549
30,95,9288
30,97,3633
30,99,6074
30,101,5150
30,103,812
30,105,7577
30,107,2115
30,109,986
30,111,153692
31,1,31442
31,3,6486
31,5,448
31,7,820
31,9,551
31,11,5373
31,13,11310
31,15,2039
31,17,3078
31,19,47958
31,21,6647
31,23,8256
31,25,25360
31,27,8675
31,29,3897
31,31,5770
31,33,10077
31,35,6382
31,37,10522
31,39,9078
31,41,10802
31,43,20798
31,45,9136
31,47,24069
31,49,1946
31,51,5866
31,53,36725
31,55,537655
31,57,2015
31,59,5697
31,61,3105
31,63,2573
31,65,4887
31,67,21818
31,69,1823
31,71,1933
31,73,1976
31,75,769
31,77,2476
31,79,60792
31,81,9100
31,83,3458
31,85,1084
31,87,2879
31,89,10398
31,91,681
31,93,6347
31,95,7433
31,97,5167
31,99,6549
31,101,8146
31,103,711
31,105,3720
31,107,8556
31,109,298080
31,111,35896
31,113,851
31,115,548
31,117,433
31,119,35111
31,121,7776
31,123,4874
31,125,3639
31,127,7168
31,129,4391
31,131,15842
31,133,2726
31,135,2924
31,137,9216
31,139,7184
31,141,32642
31,143,5271
31,145,10946
31,147,8201
31,149,1401
31,151,14360
31,153,169192
31,155,20913
31,157,36684
31,159,16998
31,161,5294
31,163,3107
31,165,1249
31,167,6081
31,169,5182
31,171,675
31,173,6946
31,175,4254
31,177,20257
31,179,9425
31,181,3697
31,183,847
31,185,13825
32,1,24252
32,3,2035572
32,5,47259
32,7,51562
32,9,1141
32,11,1669
32,13,17067
32,15,5946
32,17,5194
32,19,51657
32,21,4566
32,23,42625
32,27,6722
32,29,3929
32,31,435019
32,33,9974
32,510,54482
33,1,60399
33,3,47513
33,5,76430
33,7,31870
33,9,89341
33,11,403972
33,13,147262
33,15,299006
33,17,125273
33,19,43135
34,1,275376
34,3,926330
34,5,450556
34,7,511998
34,9,95805
34,11,157035
34,13,791609
34,15,290298
34,17,662619
34,19,126250
34,21,370212
34,23,830300
34,25,629185
34,27,498192
34,29,583450
34,31,507574
34,33,65120
34,35,330604
34,37,145930
34,39,548744
34,41,107226
35,1,673943
35,3,3583
35,5,65811
35,6,27382
35,7,12997
35,9,50497
35,11,2020
35,13,213963
35,15,55641
35,17,29119
35,19,4526
35,21,565
35,23,4643
35,25,68149
35,27,19931
35,28,17939
35,29,24789
35,31,73998
35,33,4660
35,35,65318
35,37,8698
35,39,39949
35,41,19908
35,43,136638
35,45,125133
35,47,28668
35,49,147108
35,51,11615
35,53,17494
35,55,32943
35,57,15853
35,59,4339
35,61,76297
36,1,307463
36,3,48070
36,5,1428357
36,7,198093
36,9,78962
36,11,79173
36,13,132646
36,15,88267
36,17,49549
36,19,81685
36,21,62195
36,23,49043
36,25,46901
36,27,296928
36,29,921584
36,31,38912
36,33,51280
36,35,54606
36,37,59458
36,39,48312
36,41,4760
36,43,64034
36,45,118947
36,47,2595259
36,49,27124
36,51,64801
36,53,72427
36,55,749356
36,57,49779
36,59,1354612
36,61,1629507
36,63,214150
36,65,233558
36,67,468304
36,69,109192
36,71,375384
36,73,42204
36,75,121183
36,77,61399
36,79,99488
36,81,2301139
36,83,159900
36,85,472481
36,87,320688
36,89,112011
36,91,223774
36,93,154796
36,95,31913
36,97,18410
36,99,35144
36,101,98665
36,103,1501373
36,105,76330
36,107,50199
36,109,103855
36,111,181300
36,113,65180
36,115,62700
36,117,92416
36,119,967315
36,121,41446
36,123,25187
37,1,155258
37,3,37158
37,5,10911
37,7,26135
37,9,27114
37,11,17695
37,13,47561
37,15,20518
37,17,34720
37,19,115926
37,21,247336
37,23,89548
37,25,188375
37,27,81758
37,29,10161
37,31,68228
37,33,23174
37,35,154610
37,37,67431
37,39,27092
37,41,14656
37,43,10656
37,45,97178
37,47,57230
37,49,104450
37,51,324603
37,53,24492
37,55,34863
37,57,163867
37,59,41447
37,61,59453
37,63,288817
37,65,55280
37,67,361684
37,69,62296
37,71,209807
37,73,11724
37,75,8700
37,77,58109
37,79,21328
37,81,506763
37,83,53407
37,85,124320
37,87,59170
37,89,109719
37,91,24368
37,93,51075
37,95,5693
37,97,165066
37,99,40812
37,101,178396
37,103,10166
37,105,59418
37,107,58782
37,109,79578
37,111,44961
37,113,33919
37,115,21027
37,117,23729
37,119,990288
37,121,15330
37,123,27601
37,125,91743
37,127,94722
37,129,213091
37,131,21011
37,133,183753
37,135,138644
37,137,12982
37,139,40018
37,141,55166
37,143,13498
37,145,39262
37,147,173798
37,149,20327
37,151,142370
37,153,46046
37,155,134871
37,157,92300
37,159,138361
37,161,66865
37,163,63873
37,165,35932
37,167,60586
37,169,46661
37,171,73170
37,173,14163
37,175,32928
37,177,4152
37,179,213422
37,181,44829
37,183,976019
37,185,20468
37,187,12668
37,189,52240
37,191,124355
37,193,68946
37,195,81581
37,197,37971
37,199,17604
38,1,2341
38,3,11097
38,5,6794
38,7,969
38,9,6634
38,11,3221
38,13,2208
38,15,88223
38,17,162500
38,19,3890
38,21,5195
38,23,2314
38,25,4195
38,27,2370
38,29,3463
38,31,3366
38,33,1822
38,35,68979
38,37,2362
38,39,2329
38,41,2621
38,43,2430
38,45,4113
38,47,1945
38,49,5817
38,51,2759
38,53,9615
38,55,9451
38,57,8633
38,59,28985
38,61,9253
38,63,3048
38,65,1819
38,67,7206
38,69,4395
38,71,11566
38,73,5453
38,75,2562
38,77,16317
38,79,14498
38,81,3874
38,83,1337
38,85,4380
38,87,673
38,89,28628
38,91,1979
38,93,21076
38,95,2294
38,97,8077
38,99,11005
38,101,67736
38,103,4204
38,105,29619
39,1,28229
39,3,105196
39,5,53189
39,7,99777
39,9,64974
39,11,45873
39,13,69560
39,15,44247
39,17,372538
39,19,28361
39,21,39393
39,23,136827
39,25,200285
39,27,41892
39,29,105987
39,31,36724
39,33,42725
39,35,1263189
39,37,52356
39,39,38669
39,41,185433
39,43,76141
39,45,149112
39,47,28769
39,49,1215761
39,51,42485
39,53,30565
39,55,93874
39,57,164192
39,59,39626
39,61,804194
39,63,75428
39,65,31736
39,67,15633
39,69,28015
39,71,43170
39,73,28914
39,75,43436
39,77,58937
39,79,32854
39,81,68053
39,83,61004
39,85,229437
39,87,61827
39,89,168693
39,91,45484
39,93,303152
39,95,436261
39,97,43456
39,99,234550
39,101,65943
39,103,174831
39,105,23473
39,107,40863
39,109,103517
39,111,14547
39,113,533763
39,115,14913
39,117,34996
39,119,86016
39,121,14508
39,123,41162
39,125,19165
39,127,36025
39,129,56515
39,131,28396
39,133,161897
39,135,41682
39,137,34184
39,139,122312
39,141,77334
39,143,60187
39,145,78017
39,147,55929
39,149,49067
39,151,374979
39,153,541847
39,155,206373
39,157,92697
39,159,53470
39,161,28576
39,163,13234
39,165,219916
39,167,61351
39,169,115371
39,171,37386
39,173,128885
39,175,22467
40,1,22236
40,3,5755
40,5,13906
40,7,5530
40,9,23300
40,11,9810
40,13,44003
40,15,29495
40,17,126193
40,19,48442
40,21,48097
40,23,15120
40,25,2341
40,27,268614
40,29,5812
40,31,125531
40,33,6112
40,35,14744
40,37,70761
40,39,28978
40,41,41409
40,43,4863
40,45,4121
40,47,62192
40,49,27455
40,51,53612
40,53,4517
40,55,6117
40,57,2866
40,59,3766
40,61,12850
40,63,13785
40,65,26056
40,67,6333
40,69,11022
40,71,45587
40,73,15302
40,75,9302
40,77,10774
40,79,49899
40,81,34504
40,83,44493
40,85,9663
40,87,36512
40,89,33143
40,91,20280
40,93,7700
40,95,16014
40,97,41007
40,99,13733
40,101,70224
40,103,11506
40,105,10555
40,107,12248
40,109,754480
40,111,39446
40,113,48054
40,115,32085
40,117,16499
40,119,79423
40,121,44961
40,123,38055
40,125,71136
40,127,11226
40,129,3780
40,131,89190
40,133,25481
40,135,41464
40,137,44806
40,139,21588
40,141,7715
40,143,623335
40,145,75391
40,147,51760
40,149,11649
40,151,9033
40,153,20986
41,1,16052
41,3,86495
41,5,389438
41,7,37382
41,9,49389
41,11,62775
41,13,20956
41,15,22338
41,17,166622
41,19,107194
41,21,1883
41,23,7276
41,25,7229
41,27,22749
41,29,208363
41,31,22061
41,33,83409
41,35,65972
41,37,7842
41,39,357060
41,41,46347
41,43,118971
41,45,30551
41,47,323259
41,49,11204
41,51,768418
41,53,77264
41,55,1795
41,57,25430
41,59,76738
41,61,25745
41,63,6857
41,65,25492
41,67,556210
41,69,1348
41,71,101119
42,1,101767
42,3,1231145
42,5,67979
42,7,169785
42,9,49086
42,11,413965
42,13,126448
42,15,62228
42,17,626583
42,19,185689
42,21,139381
42,23,4869
42,25,64634
42,27,157823
42,29,509797
42,31,39454
42,33,81343
42,35,39614
42,37,66912
42,39,87343
42,41,241427
42,43,271094
42,45,561683
42,47,31370
42,49,279858
42,51,134851
42,53,7581
42,55,152285
42,57,14694
42,59,37938
42,61,45906
42,63,87895
42,65,44756
42,67,24829
42,69,213459
42,71,530216
42,73,89162
42,75,135776
42,77,356756
42,79,320095
42,81,116656
42,83,42884
42,85,115320
42,87,46675
42,89,167881
42,91,812970
42,93,18508
42,95,299616
42,97,94006
42,99,45677
42,101,1555072
42,103,56632
42,105,17377
42,107,146360
42,109,40046
42,111,76617
42,113,6381
42,115,42369
42,117,42284
42,119,44958
42,121,53906
42,123,40962
42,125,208226
42,127,51642
42,129,361251
42,131,28147
42,133,439660
44,1,49176
44,3,164958
44,5,82663
44,7,630459
44,9,126405
45,1,24997
45,3,163908
45,5,9838
45,7,191215
45,9,15432
45,11,22098
45,13,171420
45,15,193613
45,17,14958
45,19,372904
45,21,55863
45,23,32556
45,25,46192
45,27,34178
45,29,38004
45,31,67922
45,33,31435
45,35,145715
45,37,26466
45,39,23108
45,41,138330
45,43,60572
45,45,474903
45,47,69771
45,49,20473
45,51,290730
45,53,26549
45,55,62722
45,57,81263
45,59,66389
45,61,18461
45,63,273843
45,65,9895
45,67,32167
45,69,27993
45,71,37690
45,73,74949
45,75,90575
45,77,120124
45,79,397899
45,81,20000
45,83,291240
45,85,107777
45,87,28125
45,89,33238
45,91,240076
46,3,2729
46,5,18168
46,7,3438
46,9,7013
46,11,33046
46,13,38060
46,15,5330
46,17,2038
46,19,10292
46,21,1548
46,23,9239
46,25,3625
46,27,14011
46,29,27750
46,31,4149
46,33,8394
46,35,19787
46,37,5618
46,39,4341
46,41,5579
46,43,2973
46,45,4018
46,47,6906
46,49,2359
46,51,7227
46,53,4226
46,55,2083
46,57,5982
46,59,3375
46,61,3386
46,63,1328
46,65,17466
46,67,7226
46,69,1413
46,71,3237
46,73,2031
46,75,781
46,77,5107
46,79,12086
46,81,24645
46,83,49874
46,85,3837
46,87,5613
46,89,2263
46,91,4701
46,93,26381
46,95,2086
46,97,2306
46,99,178942
46,101,6439
46,102,14153
46,103,106085
46,105,2981
46,107,2307
46,109,10318
46,111,2339
46,115,6570
46,117,2962
46,119,1469
46,121,9942
46,123,5504
46,125,8302
46,127,14842
46,129,5495
46,135,22636
46,137,2833
47,1,75430
47,3,45986
47,5,16261
47,7,13686
47,9,125188
47,11,102062
47,13,40176
47,15,13787
47,17,28353
47,19,56941
47,21,39422
47,23,17324
47,25,31748
47,27,7780
47,29,35321
47,31,53448
47,33,14600
47,35,57455
47,37,658506
47,39,11686
47,41,19038
47,43,50472
47,45,38054
47,47,38814
47,49,17931
47,51,41138
47,53,49572
47,55,28949
47,57,22736
47,59,68576
47,61,13524
47,63,62999
47,65,348121
47,67,6642
47,69,26253
47,71,25900
47,73,56595
47,75,18248
47,77,28013
47,79,32269
47,81,24283
47,83,8290
47,85,18240
47,87,11496
47,89,52490
47,91,18017
47,93,444348
47,95,7687
47,97,27427
47,99,42226
47,101,11944
47,103,33550
47,105,50229
47,107,52506
47,109,26103
47,111,22761
47,113,98184
47,115,28306
47,117,31159
47,119,84089
47,121,11716
47,123,45293
47,125,185980
47,127,6351
47,129,21794
47,131,31129
47,133,22100
47,135,7864
47,137,5097
47,139,16687
47,141,73810
47,143,32394
47,145,53162
47,147,67426
47,149,282558
47,151,22043
47,153,14592
47,155,93617
47,157,937750
47,159,19136
47,161,13286
47,163,156752
47,165,169623
47,167,61674
47,169,7884
47,171,18069
47,173,19096
47,175,5596
47,177,40015
47,179,125317
47,181,16897
47,183,34415
47,185,26252
47,187,199456
47,189,122445
48,1,57915
48,3,16775
48,5,87748
48,7,24292
48,9,8779
48,11,1943
48,13,47050
48,15,28886
48,17,7126
48,19,20796
48,21,76948
48,23,3628
48,25,32659
48,27,326041
48,29,1825502
48,31,10723
48,33,705
48,35,17971
48,37,93155
48,39,331741
48,41,205271
48,43,9235
48,45,1670
48,47,7221
48,49,37833
48,51,17293
48,53,44144
48,55,39347
48,57,21666
48,59,13532
48,61,417947
48,63,12516
48,65,6068
48,67,30328
48,69,7948
48,71,37251
48,73,51167
48,75,7059
48,77,10479
48,79,2993
48,81,3238
48,83,8536
48,85,862215
48,87,3058
48,89,20757
48,91,119632
48,93,13623
48,95,4086
48,97,38761
48,99,76128
48,101,1510
48,103,4730
48,105,3699
48,107,6007
48,109,2296
48,111,7014
48,113,2485003
48,115,13542
48,117,19245
48,119,5223
48,121,731851
48,123,20540
48,125,2281
48,127,10682
48,129,3588
48,131,11577
48,133,18328
48,135,149557
48,137,1906
48,139,157058
48,141,831095
48,143,40039
48,145,17410
48,147,33748
48,149,24849
48,151,3858
48,153,6178
48,155,1197
48,157,658331
48,159,10599
48,161,19586
48,163,18168
48,165,18916
48,167,308163
48,169,6410
48,171,25398
48,173,1180
48,175,7410
48,177,20172
48,179,22983
48,181,122780
48,183,123178
48,185,26961
48,187,143460
48,189,35504
48,191,3203
48,193,8266
48,195,5559
48,197,3992
48,199,55375
48,201,4356362
48,203,66417
48,205,6121
48,207,5853
48,209,177562
48,211,4115
48,213,79016
48,215,819217
48,217,34923
48,219,23322
48,221,53171
48,223,35645
48,225,22949
48,227,36105
48,229,3330
48,231,88052
48,233,21858
48,235,1644
48,237,8946
48,239,14486
48,241,35768
48,243,2232
48,245,252872
48,247,5239
48,249,41461
48,251,155450
48,253,19978
48,255,14879
48,257,109289
48,259,37361
48,261,565
48,263,821
48,265,50149
48,267,4486
48,269,267
48,271,3577
48,273,32029
48,275,3796
48,277,49566
48,279,13742
48,281,20219
48,283,7191
48,285,19549
48,287,16664
48,289,16819
48,291,77486
48,293,23454
48,295,3483
48,297,11873
48,299,19323
48,301,117
48,303,290782
48,305,5764
48,307,8273
48,309,241505
48,311,778
48,313,13838
48,315,10248
48,317,5252
48,319,4066
48,321,36598
48,323,56548
48,325,47392
48,327,2182
48,329,151290
48,331,24344
48,333,4875
48,335,9169
48,337,19478
48,339,502586
48,341,22281
48,343,12700
48,345,1071
48,347,65531
48,349,48118
48,351,14231
48,353,15061
48,355,352060
48,357,10642
48,359,2071
48,361,83217
48,363,27921
48,365,23900
48,367,121418
48,369,10004
48,371,15807
48,373,46113
48,375,122352
48,377,7304
48,379,11037
48,381,126782
48,383,3598
48,385,3356
48,387,12567
48,389,14179
48,391,7277
48,393,931
48,395,16532
48,397,85536
48,399,10445
48,401,53457
48,403,10440
48,405,8695
48,407,27023
48,409,66070
48,411,5893
48,413,3224
48,415,17238
48,417,3352
48,419,25725
48,421,3066
48,423,217552
48,425,8608
48,427,62648
48,429,9452
48,431,1346
48,433,1414
48,435,3966
48,437,7713
48,439,1914526
48,441,134435
48,443,921
48,445,12687
48,447,1545
48,449,32553
48,451,115056
48,453,1121645
48,455,14405
48,457,21462
48,459,40096
48,461,3405
48,463,26952
48,465,48980
48,467,52736
48,469,90099
48,471,69330
48,473,45847
48,475,11225
48,477,34236
48,479,263251
48,481,41264
48,483,5618
48,485,131957
48,487,13158
48,489,22002
48,491,473592
48,493,45509
48,495,7576
48,497,61243
48,499,42712
48,501,8213
48,503,18329
48,505,14308
48,507,12060
49,1,6461
49,3,50991
49,5,117449
49,7,20927
49,9,776
49,11,323374
49,13,19817
49,15,10728
49,17,5069
49,19,9388
49,21,47139
49,23,10400
49,25,7202
49,27,12582
49,29,10276
49,31,1865
49,33,2292
49,35,1078958
49,37,15152
49,39,28261
49,41,20871
49,43,38521
49,45,60893
49,47,35721
49,49,551957
49,51,26661
49,53,148244
49,55,2722
49,57,238682
50,1,36943
50,3,36589
50,5,31012
50,7,159711
50,9,6207
50,11,48418
50,13,6952
50,15,25027
50,17,28929
50,19,27146
50,21,60530
50,23,59132
50,25,43858
50,27,56150
51,1,33115
51,3,103108
51,5,16066
51,7,12777
51,9,32148
51,11,15208
51,13,223945
51,15,74053
51,17,4583
51,19,76463
51,21,6662
51,23,33155
51,25,16930
51,27,23486
51,29,17068
51,31,55012
51,33,29349
51,35,29856
51,36,7118
51,37,12313
51,41,328176
51,43,14299
51,45,5212
51,47,48424
51,49,9859
51,51,15463
51,53,28110
51,57,11151
51,59,1128722
51,61,67463
51,63,15523
51,65,26014
51,67,56315
51,69,81340
51,71,16907
51,73,37001
51,75,21721
51,77,15573
51,79,18938
51,81,11760
51,83,35506
51,85,101340
51,87,318864
51,89,52580
51,91,2244
51,93,35740
51,95,70673
51,97,7106
51,99,24933
51,101,16097
51,103,11129
51,105,25206
51,107,351129
51,109,33986
51,111,12558
51,113,13147
51,115,8880
51,117,31555
51,119,10717
51,121,96467
51,125,14858
51,127,19560
51,131,12184
51,133,12304
51,135,15711
51,137,34596
51,139,23843
51,141,18264
51,143,62794
51,145,28207
51,147,23022
51,149,37380
51,153,437271
51,155,34528
51,157,7431
51,159,8989
51,161,93633
51,163,22444
51,165,77785
51,167,28245
51,169,22570
51,171,42724
51,173,31734
51,175,18410
51,177,127691
51,179,137145
51,181,6823
51,183,11864
51,185,43870
51,187,38481
51,191,54759
51,193,17557
51,195,40530
51,197,29190
51,199,66471
51,510,149315
51,520,17524
51,530,6666
51,540,45084
51,550,230601
51,570,17515
51,580,5736
51,590,42450
51,595,5672
51,600,23402
51,610,13308
51,620,8457
51,630,27395
51,640,6876
51,650,137081
51,660,51388
51,670,22279
51,678,7071
51,680,78158
51,683,40743
51,685,15625
51,690,13624
51,700,181323
51,710,245452
51,720,4007
51,730,32123
51,735,12077
51,740,96135
51,750,17057
51,760,213735
51,770,98736
51,775,25165
51,790,24193
51,800,86184
51,810,448290
51,820,21150
51,830,14754
51,840,27168
53,1,19081
53,3,22040
53,5,184930
53,7,74267
53,9,72397
53,11,444506
53,13,3989
53,15,102338
53,17,39599
53,19,7652
53,21,86443
53,23,2230
53,25,92070
53,27,71419
53,29,79329
53,31,30083
53,33,2045756
53,35,255441
53,37,42204
53,39,20820
53,41,75515
53,43,10363
53,45,60791
53,47,41332
53,49,20645
53,51,12968
53,53,821952
53,55,15956
53,57,119343
53,59,11243
53,61,746653
53,63,480832
53,65,43548
53,67,262723
53,69,4035
53,71,59726
53,73,207100
53,75,46737
53,77,247408
54,1,16731
54,3,108724
54,5,24000
54,7,14466
54,9,23665
54,11,96824
54,13,7557
54,15,9141
54,17,8201
54,19,45534
54,21,8644
54,23,11815
54,25,35666
54,27,23542
54,29,30201
54,31,13936
54,33,68998
54,35,29256
54,37,55214
54,39,190781
54,41,16434
54,43,21560
54,45,35760
54,47,20802
54,49,56790
54,51,32480
54,53,27177
54,55,61891
54,57,27755
54,59,25931
54,61,101668
54,63,13525
54,65,17475
54,67,25930
54,69,43637
54,71,7402
54,73,7636
54,75,8697
54,77,33809
54,79,56596
54,81,78493
54,83,29365
54,85,10140
54,87,14636
54,89,13544
54,91,16977
54,93,6972
54,95,9033
54,97,24560
54,99,41499
54,101,8927
54,103,16157
54,105,5841
54,107,86559
54,109,22866
55,1,20451
55,3,15993
55,5,45686
55,7,15050
55,9,254717
55,11,13319
55,13,15334
55,15,49678
55,17,63209
55,19,34518
55,21,56607
55,23,16483
55,25,510198
55,27,88547
55,29,27731
55,31,43799
55,33,44159
55,35,101281
55,37,4476
55,39,101920
55,41,9150
55,43,51489
55,45,37044
55,47,18966
55,49,23769
55,51,5907
55,53,20543
55,55,84345
55,57,26494
55,59,167738
55,61,20483
55,63,117048
55,65,16835
55,67,19551
55,69,28286
55,71,80521
55,73,135177
55,75,41287
55,77,15140
55,78,4451
55,79,955939
55,81,45274
55,83,37476
55,85,35653
55,87,180430
55,89,87273
55,91,7372
55,93,40799
55,95,43572
55,97,70432
55,99,13800
55,101,194895
55,103,17746
55,105,160727
55,107,14357
55,109,86118
55,111,62992
55,113,16483
55,115,41563
55,117,115226
55,119,20569
55,121,29412
55,123,30279
55,125,21355
55,127,103039
55,129,15700
55,131,132921
55,133,393873
55,135,52125
55,137,24321
55,139,169004
55,141,74012
56,1,37565
56,3,11895
56,5,48013
56,7,15739
56,9,14101
56,11,7229
56,13,40755
56,15,13544
56,17,4809
56,19,8600
56,21,95431
56,23,18316
56,25,80011
56,27,2516
56,29,28985
56,31,8750
56,33,29738
56,35,10117
56,37,44772
56,39,22311
56,41,20930
56,43,8400
56,45,7152
72,1,18962
72,3,40603
72,5,57973
72,7,27693
72,9,24829
72,11,28579
72,13,92511
72,15,19018
72,17,24775
72,19,29805
72,21,197287
72,23,50380
72,25,138262
72,27,33949
72,29,47432
72,31,168114
72,33,26680
72,35,46647
72,37,12810
72,39,17928
72,41,42298
72,43,40293
72,45,20339
72,47,35975
72,49,1557
72,51,38166
72,53,34720
72,54,12408
72,55,18207
72,57,43700
72,59,20442
72,61,93899
72,63,46765
72,65,41578
72,67,16845
72,69,56384
72,71,44438
72,73,15890
72,75,49259
72,77,40104
72,79,24722
72,81,28727
72,83,9306
72,85,38605
72,87,28454
72,89,19497
72,91,42167
72,93,6315
72,95,11701
72,97,83418
72,99,38815
72,101,32294
72,103,26804
72,105,29751
72,107,22595
72,109,18441
72,111,22770
72,113,156054
72,115,25205
72,117,14841
72,119,53029
72,121,24307
72,123,30114
72,125,34125
72,127,371400
72,129,39778
72,131,40471
72,133,22913
72,135,74603
72,137,85242
72,139,71886
72,141,31474
72,143,39319
72,145,56858
72,147,9130
72,149,24685
72,151,36279
72,153,39474
